id
114
122
228
257
259
292
295
320
323
325
326
332
333
356
420
421
422
467
469
492
510
512
513
515
556
558
620
623
719
720
721
722
723
724
792
794
848
855
863
870
872
873
877
878
879
884
381
387
815
844
124
813
261
318
621
627
824
327
418
852
880
324
329
626
293
389
791
845
385
291
559
441
876
113
417
382
511
869
119
115
112
328
468
866
256
321
622
463
349
514
226
123
493
875
262
811
820
121
816
843
442
812
871
854
118
823
423
822
258
444
611
819
419
849
882
230
355
290
383
881
607
865
384
351
557
609
354
110
796
231
357
491
817
440
509
225
625
289
353
624
868
109
111
116
117
120
224
227
229
260
263
294
317
319
322
330
331
350
352
439
443
445
464
465
466
508
552
553
554
555
608
610
612
628
789
790
793
795
850
851
853
864
867
874
883
386
388
810
814
818
821
825
842
846
847
125
177
178
299
424
426
429
430
431
741
761
763
806
242
126
131
138
142
160
195
200
223
297
398
402
427
472
473
485
486
488
525
577
578
582
682
683
685
737
764
780
809
140
154
158
175
182
212
218
397
489
765
447
425
298
803
362
528
598
266
781
490
599
213
265
267
524
807
196
363
428
450
452
529
137
214
271
245
268
204
139
591
198
361
727
176
593
475
129
156
595
451
222
247
153
133
453
804
360
596
576
759
725
210
742
136
301
476
778
199
579
239
523
243
739
687
269
157
219
729
215
399
205
128
132
758
264
802
180
296
688
358
155
380
594
179
240
159
446
161
378
738
762
134
202
400
376
130
684
364
246
221
208
135
203
197
526
359
686
728
244
183
300
302
141
206
211
217
365
448
449
470
740
760
775
779
805
241
592
201
487
583
726
808
127
181
220
401
597
207
209
527
580
581
777
216
471
776
270
766
194
403
375
377
379
151
152
185
191
249
250
253
254
255
282
283
284
334
335
337
343
344
345
404
408
409
410
412
413
454
456
462
497
499
500
517
518
532
533
540
544
551
586
588
603
606
615
616
617
637
642
652
655
659
663
664
665
675
677
680
784
788
276
278
858
861
636
676
186
856
188
190
342
149
234
237
407
600
678
274
411
537
455
657
783
660
233
147
248
549
347
589
602
189
146
251
273
519
541
656
338
459
235
641
662
144
542
601
281
520
494
495
522
787
232
638
640
192
339
661
654
406
538
613
857
461
277
238
639
252
618
679
604
336
614
341
346
414
458
496
535
543
585
279
860
285
550
619
498
143
145
148
150
184
187
193
236
280
286
287
288
340
348
405
415
416
457
460
516
521
530
531
534
539
545
546
547
548
584
587
590
605
650
651
653
658
681
782
785
786
272
275
751
752
753
754
755
756
757
859
862
171
172
372
478
502
574
703
308
830
831
834
168
170
174
390
393
394
396
477
501
503
505
506
569
570
571
307
309
827
829
832
833
837
839
841
483
575
643
645
647
649
704
709
711
769
771
772
773
167
169
392
568
644
699
700
708
712
166
391
395
479
480
481
482
484
504
507
567
572
573
646
648
697
698
701
702
705
707
710
767
768
770
774
303
304
305
306
310
826
828
835
836
838
840
173
366
367
368
369
370
371
373
706
101
102
103
104
105
106
107
108
162
163
164
165
311
312
313
314
315
316
432
433
434
435
436
437
438
560
561
562
563
564
565
566
629
630
631
632
633
634
635
666
667
668
669
670
671
672
673
674
713
714
715
716
717
718
797
798
799
800
801
