id
7913
7508
7587
7762
7773
7779
7808
7809
7812
7820
7829
7833
7854
7856
7961
7967
8026
8034
8036
8046
8064
8089
8114
8117
8121
8129
8134
8147
8153
8154
8165
8168
8196
8197
8232
8279
8300
8301
7570
7825
8028
7509
7963
8115
8297
8156
7689
7827
7834
8267
7765
7778
7792
8022
7882
8033
8061
8172
8273
7588
7960
7914
7826
8229
7858
7962
8228
8091
8146
8234
7748
7791
8118
7772
8049
7506
8136
8167
8230
7920
7528
8130
7550
7547
7753
8254
8100
8218
8268
8171
8269
7505
7813
8145
8101
8231
7527
7752
8266
7777
7823
8235
7810
8271
7883
7985
7794
7902
7857
7754
8116
8032
7755
8157
7917
7881
8151
7766
8090
7529
8019
8277
7811
8278
7793
8215
7821
8298
8152
7912
7511
7745
7780
7795
7905
8159
8029
8158
8065
8281
7742
7685
7771
8233
8199
7518
8221
8005
8048
8119
7921
8144
8127
8253
8256
8088
8255
7918
7814
7749
7966
8236
8270
8276
8299
8085
7903
8035
7769
7504
7746
8021
7763
7915
7919
7507
7510
7688
7743
7744
7747
7761
7764
7822
7824
7828
7830
7831
7832
7855
7904
7964
7965
7984
8006
8007
8008
8017
8018
8023
8027
8047
8120
8122
8123
8124
8128
8143
8162
8166
8173
8219
8220
8227
8257
8274
8280
7503
7924
7925
8054
8056
8058
8060
8092
8133
8160
8169
8170
8176
8237
8239
8243
8292
8303
8305
8087
8275
7884
7992
8076
8295
8137
8178
8304
8312
7922
8068
8175
8057
8077
8293
8307
8242
8315
8009
8051
8135
8174
8177
8138
8141
8296
7993
8069
8112
8139
7926
7886
8024
8131
8140
8111
8067
8086
8240
8053
8308
8142
8222
8238
8302
8078
8110
8179
8310
8070
8055
8050
7885
7887
7923
7991
7994
8010
8025
8052
8059
8093
8113
8132
8148
8149
8150
8241
8294
8306
8309
8311
8313
8314
7789
8265
7498
7499
7500
7521
7522
7523
7525
7551
7552
7601
7602
7603
7701
7702
7703
7707
7710
7711
7712
7713
7722
7723
7724
7725
7726
7727
7730
7731
7774
7775
7776
7790
7840
7841
7842
7843
7844
7845
7846
7847
7848
7849
7850
7851
7852
7853
7859
7860
7861
7862
7863
7864
7865
7866
7867
7868
7869
7870
7871
7897
7898
7937
7938
7939
7940
7990
7997
7998
7999
8000
8001
8002
8003
8004
8083
8084
8125
8126
8223
8224
8225
8226
8261
8262
8263
8264
8282
8284
8285
8286
8287
8288
8289
8290
8291
8283
7524
7293
7895
7909
7933
7958
7959
8106
8181
8193
7090
7091
7092
7093
7094
7105
7106
7107
7108
7109
7294
7295
7296
7575
7576
7577
7578
7579
7580
7584
7585
7586
7609
7610
7611
7784
7785
7786
7787
7788
7798
7799
7803
7804
7805
7806
7874
7875
7876
7877
7878
7879
7880
7894
7896
7908
7910
7932
7934
7935
7948
7949
7957
8079
8080
8081
8082
8107
8108
8109
8163
8164
8180
8182
8183
8184
8185
8186
8187
8194
8195
8205
8206
8207
8208
8209
8210
8211
8212
8213

